% Coding: Male 0, Female 1

mpsexs = [0
	 0
	 0
	 0
	 1
	 1
	 1
	 1
	 1
	 0
	 0
	 0
	 0
	 1
	 0
	 1
	 0
	 1
	 0
	 0
	 1
	 1
	 0
	 1
	 0
	 1
	 1
	 1
	 0
	 1
	 0
	 0
	 1
	 1
	 0
	 0
	 1
	 0
	 0
	 1
	 0
	 0
	 1
	 1
	 1
	 1
	 1
	 0
	 1
	 1
	 0
	 0
	 1
	 0
	 0
	 0
	 1
	 0
	 0
	 1
	 1
	 1
	 1
	 1
	 1
	 0
	 1
	 0
	 0
	 1
	 1
	 1
	 0
	 0
	 0
	 0
	 1
	 1
	 1
	 0
	 0
	 0
	 0
	 1
	 1
	 0
	 0
	 1
	 1
	 1
	 0
	 0
	 1
	 1
	 0
	 0
	 1
	 1
	 0
	 0
	 1
	 0
	 1
	 1
	 0
	 1
	 0
	 1
	 1
	 0
	 0
	 0
	 1
	 1
	 1
	 1
	 0
	 1
	 1
	 0
	 0
	 0
	 0
	 0
	 0
	 1
	 0
	 0
	 0
	 1
	 0
	 0
	 0
	 1
	 1
	 0
	 0
	 1
	 1
	 0
	 0
	 0
	 0
	 1
	 1
	 1
	 0
	 1
	 1
	 0
	 0
	 0
	 0
	 0
	 1
	 0
	 1
	 0
	 0
	 0
	 1
	 1
	 0
	 0
	 1
	 0
	 1
	 0
	 0
	 1
	 1
	 0
	 1
	 0
	 1
	 1
	 0
	 0
	 1
	 0
	 1
	 0
	 0
	 0
	 1
	 0
	 1
	 0
	 0
	 0
	 1
	 0
	 0
	 0
	 0
	 0
	 0
	 1
	 0
	 0
	 1
	 0
	 0
	 0
	 1
	 1
	 0
	 1
	 1
	 0
	 1
	 0
	 1
	 0
	 0
	 1
	 1
	 0
	 0
	 0
	 1
	 0
	 1
	 1
	 1
	 0
	 1
	 1
	 0
	 1
	 0
	 1
	 1
	 0
	 1
	 0
	 1
	 1
	 1
	 0
	 1
	 0
	 0
	 1
	 1
	 1
	 0
	 0
	 0
	 1
	 0
	 0
	 1
	 0
	 1
	 0
	 1
	 0
	 1
	 1
	 1
	 1
	 0
	 0
	 0
	 0
	 0
	 1
	 1
	 0
	 1
	 0
	 0
	 0
	 0
	 1
	 0
	 0
	 1
	 0
	 1
	 1
	 0
	 1
	 1
	 0
	 0
	 1
	 0
	 0
	 1
	 0
	 0
	 0
	 0
	 1
	 0
	 0
	 0
	 1
	 1
	 0
	 0
	 0
	 0
	 0
	 0
	 1
	 1
	 1
	 0
	 0
	 1
	 1
	 1
	 0
	 1
	 1
	 0
	 1
	 0
	 0
	 0
	 1
	 0
	 1
	 0
	 1
	 1
	 0
	 0
	 1
	 0
	 1
	 1
	 1
	 0
	 1
	 0
	 1
	 1
	 1
	 0
	 0
	 1
	 1
	 1
	 0
	 1];
